+-------+--------+
| id    | status |
+-------+--------+
|  1051 |      1 |
|  1224 |      5 |
|  1416 |      1 |
|  1602 |      1 |
|  1896 |     32 |
|  2363 |      5 |
|  2545 |      1 |
|  2629 |      1 |
|  2853 |      5 |
|  2864 |      1 |
|  2949 |      1 |
|  3118 |      1 |
|  3216 |      1 |
|  3259 |      1 |
|  3536 |     32 |
|  3870 |      1 |
|  4096 |      1 |
|  4112 |      5 |
|  4122 |      1 |
|  4374 |     32 |
|  4482 |      1 |
|  4991 |      1 |
|  5006 |      5 |
|  5275 |      1 |
|  5426 |      1 |
|  5495 |      1 |
|  5608 |      5 |
|  5912 |      5 |
|  5981 |      1 |
|  6203 |      5 |
|  6960 |      5 |
|  6986 |      5 |
|  7038 |     32 |
|  7794 |      5 |
|  8863 |     32 |
| 10046 |      5 |
+-------+--------+

+-------+--------+
| id    | status |
+-------+--------+
|   557 |      1 |
|  1372 |      1 |
|  1398 |      1 |
|  1416 |      5 |
|  1679 |      1 |
|  1755 |      1 |
|  2231 |      1 |
|  2312 |      1 |
|  2331 |      1 |
|  2546 |      1 |
|  2558 |      1 |
|  2669 |      5 |
|  3113 |      1 |
|  3141 |      1 |
|  3147 |      1 |
|  3239 |      1 |
|  3629 |      1 |
|  4022 |      1 |
|  4065 |      1 |
|  4249 |      1 |
|  4285 |      1 |
|  4551 |      1 |
|  4800 |      1 |
|  4831 |      1 |
|  5026 |      1 |
|  5187 |      5 |
|  5338 |      1 |
|  5496 |      1 |
|  5638 |      1 |
|  5765 |      1 |
|  5912 |      1 |
|  6351 |      1 |
|  7863 |      1 |
|  8546 |      1 |
|  9510 |      5 |
|  9647 |      5 |
| 10006 |      1 |
| 10016 |      1 |
| 10022 |      1 |
+-------+--------+

+-------+--------+
| id    | status |
+-------+--------+
|  1727 |      1 |
|  1914 |      1 |
|  2312 |     32 |
|  3451 |      1 |
|  6203 |      1 |
|  9628 |      1 |
| 10848 |      1 |
| 12222 |      1 |
+-------+--------+

